-------------------------------------------------------------
顺序|测点                |视距          |读数      |高程                
1   |T6                  |6.22900       |1.09370   |8.08613             
2   |JC51-1              |32.60100      |1.34347   |7.83636             
3   |JC51-1              |8.04900       |1.30206   |7.83636             
4   |JC51-03             |11.32400      |1.22889   |7.90953             
-------------------------------------------------------------
5   |JC51-02             |12.80800      |1.08581   |8.05261             
6   |YD817-1             |14.01100      |1.41487   |7.72355             
7   |YD807-1             |27.29700      |1.49360   |7.64482             
8   |YD797-1             |37.74500      |1.71336   |7.42506             
-------------------------------------------------------------
9   |YD797-1             |4.62800       |1.53801   |7.42506             
10  |JC51-04             |8.69800       |1.09397   |7.86910             
11  |JC51-05             |12.02500      |1.00745   |7.95562             
12  |JC51-06             |22.61800      |1.09474   |7.86833             
-------------------------------------------------------------
13  |YD797-1             |15.08600      |1.32666   |7.42506             
14  |ZD816-1             |15.51600      |1.03549   |7.71623             
15  |ZD806-1             |4.62400       |1.53764   |7.21408             
16  |ZD796-1             |6.31000       |1.60296   |7.14876             
-------------------------------------------------------------
17  |ZD786-1             |17.20900      |1.67299   |7.07873             
18  |ZD776-1             |30.44200      |1.50569   |7.24603             
19  |ZD796-1             |27.49700      |1.50440   |7.14876             
20  |YD777-1             |11.26500      |1.11778   |7.53538             
-------------------------------------------------------------
21  |YD767-1             |5.89000       |1.48449   |7.16867             
22  |YD757-1             |5.80000       |1.48456   |7.16860             
23  |YD757-1             |15.34300      |1.47888   |7.16860             
24  |YD747-1             |8.12500       |1.42866   |7.21882             
-------------------------------------------------------------
25  |ZD746-1             |23.72000      |1.42369   |7.22379             
26  |ZD741-1             |25.12200      |1.52519   |7.12229             
27  |ZD736-1             |26.42200      |1.61218   |7.03530             
28  |ZD731-1             |28.41000      |1.67172   |6.97576             
-------------------------------------------------------------
29  |ZD726-1             |31.50600      |1.66193   |6.98555             
30  |ZD721-1             |35.13400      |1.59781   |7.04967             
31  |ZD716-1             |38.39300      |1.53793   |7.10955             
32  |YD733-1             |24.35800      |1.51209   |7.13539             
-------------------------------------------------------------
33  |YD727-1             |29.47100      |1.56043   |7.08705             
34  |YD710-03            |37.85000      |1.46334   |7.18414             
35  |YD710-04            |41.14900      |1.42808   |7.21940             
36  |YD735-1             |10.43400      |1.52362   |7.12386             
-------------------------------------------------------------
37  |JC54-03             |18.03500      |0.98313   |7.66435             
38  |JC54-04             |12.69700      |1.06919   |7.57829             
39  |JC54-04             |31.54400      |1.16010   |7.57829             
40  |JC54-7              |9.87400       |1.21534   |7.52305             
-------------------------------------------------------------
41  |JC54-8              |23.79600      |1.13362   |7.60477             
42  |JC54-8              |19.16500      |1.34322   |7.60477             
43  |JC54-9              |13.43000      |1.27045   |7.67754             
44  |JC54-1              |41.87600      |1.50925   |7.43874             
-------------------------------------------------------------
45  |JC54-1              |2.93800       |1.33093   |7.43874             
46  |GX9-06              |7.91300       |1.38062   |7.38905             
47  |GX9-05              |13.66800      |1.12389   |7.64578             
48  |GX9-04              |22.02200      |0.75719   |8.01248             
